0.0000 0.007303
0.0004 0.007303
0.0008 0.007303
0.0012 0.007303
0.0016 0.007303
0.0020 0.007303
0.0024 0.007303
0.0028 0.007303
0.0032 0.007303
0.0036 0.007303
0.0040 0.007303
0.0044 0.007303
0.0048 0.007303
0.0052 0.007303
0.0056 0.007303
0.0060 0.007303
0.0064 0.007303
0.0068 0.007303
0.0072 0.007303
0.0076 0.007303
0.0080 0.007303
0.0084 0.007303
0.0088 0.007303
0.0092 0.007303
0.0096 0.007303
0.0100 0.007303
0.0104 0.007303
0.0108 0.007303
0.0112 0.007303
0.0116 0.007303
0.0120 0.007303
0.0124 0.007303
0.0128 0.007303
0.0132 0.007303
0.0136 0.007303
0.0140 0.007303
0.0144 0.007303
0.0148 0.007303
0.0152 0.007303
0.0156 0.007303
0.0160 0.007303
0.0164 0.007303
0.0168 0.007303
0.0172 0.007303
0.0176 0.007303
0.0180 0.007303
0.0184 0.007303
0.0188 0.007303
0.0192 0.007303
0.0196 0.007303
0.0200 0.007303
0.0204 0.007303
0.0208 0.007303
0.0212 0.007303
0.0216 0.007303
0.0220 0.007303
0.0224 0.007303
0.0228 0.007303
0.0232 0.007303
0.0236 0.007303
0.0240 0.007303
0.0244 0.007303
0.0248 0.007303
0.0252 0.007303
0.0256 0.007303
0.0260 0.007303
0.0264 0.007303
0.0268 0.007303
0.0272 0.007303
0.0276 0.007303
0.0280 0.007303
0.0284 0.007303
0.0288 0.007303
0.0292 0.007303
0.0296 0.007303
0.0300 0.007303
0.0304 0.007303
0.0308 0.007303
0.0312 0.007303
0.0316 0.007303
0.0320 0.007303
0.0324 0.007303
0.0328 0.007303
0.0332 0.007303
0.0336 0.007303
0.0340 0.007303
0.0344 0.007303
0.0348 0.007303
0.0352 0.007303
0.0356 0.007303
0.0360 0.007303
0.0364 0.007303
0.0368 0.007303
0.0372 0.007303
0.0376 0.007303
0.0380 0.007303
0.0384 0.007303
0.0388 0.007303
0.0392 0.007303
0.0396 0.007303
0.0400 0.007303
0.0404 0.007303
0.0408 0.007303
0.0412 0.007303
0.0416 0.007303
0.0420 0.007303
0.0424 0.007303
0.0428 0.007303
0.0432 0.007303
0.0436 0.007303
0.0440 0.007303
0.0444 0.007303
0.0448 0.007303
0.0452 0.007303
0.0456 0.007303
0.0460 0.007303
0.0464 0.007303
0.0468 0.007303
0.0472 0.007303
0.0476 0.007303
0.0480 0.007303
0.0484 0.007303
0.0488 0.007303
0.0492 0.007303
0.0496 0.007303
0.0500 0.007303
0.0504 0.007303
0.0508 0.007303
0.0512 0.007303
0.0516 0.007303
0.0520 0.007303
0.0524 0.007303
0.0528 0.007303
0.0532 0.007303
0.0536 0.007303
0.0540 0.007303
0.0544 0.007303
0.0548 0.007303
0.0552 0.007303
0.0556 0.007303
0.0560 0.007303
0.0564 0.007303
0.0568 0.007303
0.0572 0.007303
0.0576 0.007303
0.0580 0.007303
0.0584 0.007303
0.0588 0.007303
0.0592 0.007303
0.0596 0.007303
0.0600 0.007303
0.0604 0.007303
0.0608 0.007303
0.0612 0.007303
0.0616 0.007303
0.0620 0.007303
0.0624 0.007303
0.0628 0.007303
0.0632 0.007303
0.0636 0.007303
0.0640 0.007303
0.0644 0.007303
0.0648 0.007303
0.0652 0.007303
0.0656 0.007303
0.0660 0.007303
0.0664 0.007303
0.0668 0.007303
0.0672 0.007303
0.0676 0.007303
0.0680 0.007303
0.0684 0.007303
0.0688 0.007303
0.0692 0.007303
0.0696 0.007303
0.0700 0.007303
0.0704 0.006980
0.0708 0.006403
0.0712 0.005827
0.0716 0.005251
0.0720 0.004674
0.0724 0.004098
0.0728 0.003521
0.0732 0.002945
0.0736 0.002369
0.0740 0.002247
0.0744 0.002247
0.0748 0.002247
0.0752 0.002247
0.0756 0.002247
0.0760 0.002247
0.0764 0.002247
0.0768 0.002247
0.0772 0.002237
0.0776 0.001661
0.0780 0.001084
0.0784 0.000508
0.0788 -0.000069
0.0792 -0.000645
0.0796 -0.001221
0.0800 -0.001798
0.0804 -0.002374
0.0808 -0.002809
0.0812 -0.002809
0.0816 -0.002809
0.0820 -0.002809
0.0824 -0.002809
0.0828 -0.002809
0.0832 -0.002809
0.0836 -0.002809
0.0840 -0.002809
0.0844 -0.003082
0.0848 -0.003658
0.0852 -0.004235
0.0856 -0.004811
0.0860 -0.005388
0.0864 -0.005964
0.0868 -0.006540
0.0872 -0.007117
0.0876 -0.007693
0.0880 -0.007865
0.0884 -0.007865
0.0888 -0.007865
0.0892 -0.007865
0.0896 -0.007865
0.0900 -0.007865
0.0904 -0.007865
0.0908 -0.007865
0.0912 -0.007865
0.0916 -0.008401
0.0920 -0.008978
0.0924 -0.009554
0.0928 -0.010130
0.0932 -0.010707
0.0936 -0.011283
0.0940 -0.011860
0.0944 -0.012436
0.0948 -0.012921
0.0952 -0.012921
0.0956 -0.012921
0.0960 -0.012921
0.0964 -0.012921
0.0968 -0.012921
0.0972 -0.012921
0.0976 -0.012921
0.0980 -0.012921
0.0984 -0.013144
0.0988 -0.013720
0.0992 -0.014297
0.0996 -0.014873
0.1000 -0.015449
0.1004 -0.016026
0.1008 -0.016602
0.1012 -0.017179
0.1016 -0.017755
0.1020 -0.017978
0.1024 -0.017978
0.1028 -0.017978
0.1032 -0.017978
0.1036 -0.017978
0.1040 -0.017978
0.1044 -0.017978
0.1048 -0.017978
0.1052 -0.017978
0.1056 -0.017978
0.1060 -0.017978
0.1064 -0.017978
0.1068 -0.017978
0.1072 -0.017978
0.1076 -0.017978
0.1080 -0.017978
0.1084 -0.017978
0.1088 -0.017978
0.1092 -0.017978
0.1096 -0.017978
0.1100 -0.017978
0.1104 -0.017978
0.1108 -0.017978
0.1112 -0.017978
0.1116 -0.017978
0.1120 -0.017978
0.1124 -0.017978
0.1128 -0.017978
0.1132 -0.017978
0.1136 -0.017978
0.1140 -0.017978
0.1144 -0.017978
0.1148 -0.017978
0.1152 -0.017978
0.1156 -0.017978
0.1160 -0.017978
0.1164 -0.017978
0.1168 -0.017978
0.1172 -0.017978
0.1176 -0.017978
0.1180 -0.017978
0.1184 -0.017978
0.1188 -0.017978
0.1192 -0.017978
0.1196 -0.017108
0.1200 -0.015955
0.1204 -0.014802
0.1208 -0.013649
0.1212 -0.012497
0.1216 -0.011344
0.1220 -0.010191
0.1224 -0.009038
0.1228 -0.007885
0.1232 -0.006733
0.1236 -0.005580
0.1240 -0.004427
0.1244 -0.003274
0.1248 -0.002121
0.1252 -0.000969
0.1256 0.000184
0.1260 0.001337
0.1264 0.002611
0.1268 0.004340
0.1272 0.006070
0.1276 0.007799
0.1280 0.009528
0.1284 0.011257
0.1288 0.012987
0.1292 0.014716
0.1296 0.016445
0.1300 0.018174
0.1304 0.019903
0.1308 0.021633
0.1312 0.023362
0.1316 0.025091
0.1320 0.026820
0.1324 0.028549
0.1328 0.030279
0.1332 0.032008
0.1336 0.034506
0.1340 0.037388
0.1344 0.040270
0.1348 0.043152
0.1352 0.046034
0.1356 0.048916
0.1360 0.051798
0.1364 0.054680
0.1368 0.057562
0.1372 0.060444
0.1376 0.063326
0.1380 0.066208
0.1384 0.069090
0.1388 0.071972
0.1392 0.074854
0.1396 0.077736
0.1400 0.080618
0.1404 0.083642
0.1408 0.087676
0.1412 0.091711
0.1416 0.095746
0.1420 0.099781
0.1424 0.103816
0.1428 0.107851
0.1432 0.111885
0.1436 0.115920
0.1440 0.119955
0.1444 0.123990
0.1448 0.128025
0.1452 0.132060
0.1456 0.136094
0.1460 0.140129
0.1464 0.144164
0.1468 0.148199
0.1472 0.152234
0.1476 0.155935
0.1480 0.159393
0.1484 0.162852
0.1488 0.166310
0.1492 0.169769
0.1496 0.173227
0.1500 0.176685
0.1504 0.180144
0.1508 0.183602
0.1512 0.188456
0.1516 0.193644
0.1520 0.198831
0.1524 0.204019
0.1528 0.209207
0.1532 0.214394
0.1536 0.219582
0.1540 0.224770
0.1544 0.229917
0.1548 0.233952
0.1552 0.237987
0.1556 0.242021
0.1560 0.246056
0.1564 0.250091
0.1568 0.254126
0.1572 0.258161
0.1576 0.262196
0.1580 0.266534
0.1584 0.271721
0.1588 0.276909
0.1592 0.282097
0.1596 0.287284
0.1600 0.292472
0.1604 0.297660
0.1608 0.302847
0.1612 0.308035
0.1616 0.312939
0.1620 0.317551
0.1624 0.322162
0.1628 0.326773
0.1632 0.331384
0.1636 0.335996
0.1640 0.340607
0.1644 0.345218
0.1648 0.349829
0.1652 0.354855
0.1656 0.360043
0.1660 0.365230
0.1664 0.370418
0.1668 0.375606
0.1672 0.380793
0.1676 0.385981
0.1680 0.391169
0.1684 0.396356
0.1688 0.400452
0.1692 0.404487
0.1696 0.408521
0.1700 0.412556
0.1704 0.416591
0.1708 0.420626
0.1712 0.424661
0.1716 0.428696
0.1720 0.432730
0.1724 0.436765
0.1728 0.440800
0.1732 0.444835
0.1736 0.448870
0.1740 0.452904
0.1744 0.456939
0.1748 0.460974
0.1752 0.465009
0.1756 0.468811
0.1760 0.472270
0.1764 0.475728
0.1768 0.479187
0.1772 0.482645
0.1776 0.486103
0.1780 0.489562
0.1784 0.493020
0.1788 0.496479
0.1792 0.499573
0.1796 0.502455
0.1800 0.505337
0.1804 0.508219
0.1808 0.511101
0.1812 0.513983
0.1816 0.516865
0.1820 0.519747
0.1824 0.522629
0.1828 0.526007
0.1832 0.529465
0.1836 0.532924
0.1840 0.536382
0.1844 0.539840
0.1848 0.543299
0.1852 0.546757
0.1856 0.550216
0.1860 0.553573
0.1864 0.555879
0.1868 0.558184
0.1872 0.560490
0.1876 0.562796
0.1880 0.565101
0.1884 0.567407
0.1888 0.569712
0.1892 0.572018
0.1896 0.574324
0.1900 0.576629
0.1904 0.578935
0.1908 0.581240
0.1912 0.583546
0.1916 0.585852
0.1920 0.588157
0.1924 0.590463
0.1928 0.592769
0.1932 0.595074
0.1936 0.597380
0.1940 0.599685
0.1944 0.601991
0.1948 0.604297
0.1952 0.606602
0.1956 0.608908
0.1960 0.611213
0.1964 0.613519
0.1968 0.615825
0.1972 0.618130
0.1976 0.620436
0.1980 0.622742
0.1984 0.625047
0.1988 0.627353
0.1992 0.629658
0.1996 0.631964
0.2000 0.634270
0.2004 0.635422
0.2008 0.636575
0.2012 0.637728
0.2016 0.638881
0.2020 0.640034
0.2024 0.641187
0.2028 0.642339
0.2032 0.643492
0.2036 0.644776
0.2040 0.646506
0.2044 0.648235
0.2048 0.649964
0.2052 0.651693
0.2056 0.653422
0.2060 0.655152
0.2064 0.656881
0.2068 0.658610
0.2072 0.660339
0.2076 0.662069
0.2080 0.663798
0.2084 0.665527
0.2088 0.667256
0.2092 0.668985
0.2096 0.670715
0.2100 0.672444
0.2104 0.674173
0.2108 0.675508
0.2112 0.676661
0.2116 0.677813
0.2120 0.678966
0.2124 0.680119
0.2128 0.681272
0.2132 0.682425
0.2136 0.683578
0.2140 0.684730
0.2144 0.685357
0.2148 0.685934
0.2152 0.686510
0.2156 0.687087
0.2160 0.687663
0.2164 0.688239
0.2168 0.688816
0.2172 0.689392
0.2176 0.690049
0.2180 0.691202
0.2184 0.692355
0.2188 0.693508
0.2192 0.694661
0.2196 0.695813
0.2200 0.696966
0.2204 0.698119
0.2208 0.699272
0.2212 0.700000
0.2216 0.700000
0.2220 0.700000
0.2224 0.700000
0.2228 0.700000
0.2232 0.700000
0.2236 0.700000
0.2240 0.700000
0.2244 0.700000
0.2248 0.700000
0.2252 0.700000
0.2256 0.700000
0.2260 0.700000
0.2264 0.700000
0.2268 0.700000
0.2272 0.700000
0.2276 0.700000
0.2280 0.700000
0.2284 0.700000
0.2288 0.700000
0.2292 0.700000
0.2296 0.700000
0.2300 0.700000
0.2304 0.700000
0.2308 0.700000
0.2312 0.700000
0.2316 0.699970
0.2320 0.699393
0.2324 0.698817
0.2328 0.698240
0.2332 0.697664
0.2336 0.697088
0.2340 0.696511
0.2344 0.695935
0.2348 0.695358
0.2352 0.694620
0.2356 0.693467
0.2360 0.692315
0.2364 0.691162
0.2368 0.690009
0.2372 0.688856
0.2376 0.687703
0.2380 0.686551
0.2384 0.685398
0.2388 0.684245
0.2392 0.683092
0.2396 0.681939
0.2400 0.680787
0.2404 0.679634
0.2408 0.678481
0.2412 0.677328
0.2416 0.676175
0.2420 0.675022
0.2424 0.673445
0.2428 0.671716
0.2432 0.669987
0.2436 0.668257
0.2440 0.666528
0.2444 0.664799
0.2448 0.663070
0.2452 0.661340
0.2456 0.659611
0.2460 0.658438
0.2464 0.657285
0.2468 0.656133
0.2472 0.654980
0.2476 0.653827
0.2480 0.652674
0.2484 0.651521
0.2488 0.650369
0.2492 0.648993
0.2496 0.646688
0.2500 0.644382
0.2504 0.642076
0.2508 0.639771
0.2512 0.637465
0.2516 0.635160
0.2520 0.632854
0.2524 0.630548
0.2528 0.628485
0.2532 0.626756
0.2536 0.625027
0.2540 0.623298
0.2544 0.621569
0.2548 0.619839
0.2552 0.618110
0.2556 0.616381
0.2560 0.614652
0.2564 0.612922
0.2568 0.611193
0.2572 0.609464
0.2576 0.607735
0.2580 0.606006
0.2584 0.604276
0.2588 0.602547
0.2592 0.600818
0.2596 0.599089
0.2600 0.596854
0.2604 0.594548
0.2608 0.592243
0.2612 0.589937
0.2616 0.587631
0.2620 0.585326
0.2624 0.583020
0.2628 0.580715
0.2632 0.578470
0.2636 0.576740
0.2640 0.575011
0.2644 0.573282
0.2648 0.571553
0.2652 0.569824
0.2656 0.568094
0.2660 0.566365
0.2664 0.564636
0.2668 0.562715
0.2672 0.560409
0.2676 0.558103
0.2680 0.555798
0.2684 0.553492
0.2688 0.551187
0.2692 0.548881
0.2696 0.546575
0.2700 0.544270
0.2704 0.541964
0.2708 0.539658
0.2712 0.537353
0.2716 0.535047
0.2720 0.532742
0.2724 0.530436
0.2728 0.528130
0.2732 0.525825
0.2736 0.523519
0.2740 0.521213
0.2744 0.518908
0.2748 0.516602
0.2752 0.514297
0.2756 0.511991
0.2760 0.509685
0.2764 0.507380
0.2768 0.505074
0.2772 0.502779
0.2776 0.501049
0.2780 0.499320
0.2784 0.497591
0.2788 0.495862
0.2792 0.494133
0.2796 0.492403
0.2800 0.490674
0.2804 0.488945
0.2808 0.487074
0.2812 0.484769
0.2816 0.482463
0.2820 0.480157
0.2824 0.477852
0.2828 0.475546
0.2832 0.473240
0.2836 0.470935
0.2840 0.468629
0.2844 0.466324
0.2848 0.464018
0.2852 0.461712
0.2856 0.459407
0.2860 0.457101
0.2864 0.454796
0.2868 0.452490
0.2872 0.450184
0.2876 0.447879
0.2880 0.445978
0.2884 0.444248
0.2888 0.442519
0.2892 0.440790
0.2896 0.439061
0.2900 0.437331
0.2904 0.435602
0.2908 0.433873
0.2912 0.432144
0.2916 0.429879
0.2920 0.427573
0.2924 0.425267
0.2928 0.422962
0.2932 0.420656
0.2936 0.418351
0.2940 0.416045
0.2944 0.413739
0.2948 0.411434
0.2952 0.409128
0.2956 0.406822
0.2960 0.404517
0.2964 0.402211
0.2968 0.399906
0.2972 0.397600
0.2976 0.395294
0.2980 0.392989
0.2984 0.390683
0.2988 0.388378
0.2992 0.386072
0.2996 0.383766
0.3000 0.381461
0.3004 0.379155
0.3008 0.376849
0.3012 0.374544
0.3016 0.372238
0.3020 0.370287
0.3024 0.368557
0.3028 0.366828
0.3032 0.365099
0.3036 0.363370
0.3040 0.361640
0.3044 0.359911
0.3048 0.358182
0.3052 0.356453
0.3056 0.354238
0.3060 0.351933
0.3064 0.349627
0.3068 0.347321
0.3072 0.345016
0.3076 0.342710
0.3080 0.340404
0.3084 0.338099
0.3088 0.335834
0.3092 0.334104
0.3096 0.332375
0.3100 0.330646
0.3104 0.328917
0.3108 0.327188
0.3112 0.325458
0.3116 0.323729
0.3120 0.322000
0.3124 0.320271
0.3128 0.318542
0.3132 0.316812
0.3136 0.315083
0.3140 0.313354
0.3144 0.311625
0.3148 0.309896
0.3152 0.308166
0.3156 0.306437
0.3160 0.304404
0.3164 0.302099
0.3168 0.299793
0.3172 0.297488
0.3176 0.295182
0.3180 0.292876
0.3184 0.290571
0.3188 0.288265
0.3192 0.285960
0.3196 0.284089
0.3200 0.282360
0.3204 0.280630
0.3208 0.278901
0.3212 0.277172
0.3216 0.275443
0.3220 0.273713
0.3224 0.271984
0.3228 0.270255
0.3232 0.268526
0.3236 0.266797
0.3240 0.265067
0.3244 0.263338
0.3248 0.261609
0.3252 0.259880
0.3256 0.258151
0.3260 0.256421
0.3264 0.254692
0.3268 0.252963
0.3272 0.251234
0.3276 0.249504
0.3280 0.247775
0.3284 0.246046
0.3288 0.244317
0.3292 0.242588
0.3296 0.240858
0.3300 0.239129
0.3304 0.237400
0.3308 0.235671
0.3312 0.233942
0.3316 0.232212
0.3320 0.230483
0.3324 0.228754
0.3328 0.227025
0.3332 0.225296
0.3336 0.223566
0.3340 0.221837
0.3344 0.220108
0.3348 0.218379
0.3352 0.216649
0.3356 0.214920
0.3360 0.213191
0.3364 0.211462
0.3368 0.209733
0.3372 0.208519
0.3376 0.207366
0.3380 0.206213
0.3384 0.205061
0.3388 0.203908
0.3392 0.202755
0.3396 0.201602
0.3400 0.200449
0.3404 0.199226
0.3408 0.197497
0.3412 0.195767
0.3416 0.194038
0.3420 0.192309
0.3424 0.190580
0.3428 0.188851
0.3432 0.187121
0.3436 0.185392
0.3440 0.183865
0.3444 0.182712
0.3448 0.181560
0.3452 0.180407
0.3456 0.179254
0.3460 0.178101
0.3464 0.176948
0.3468 0.175796
0.3472 0.174643
0.3476 0.173156
0.3480 0.171427
0.3484 0.169698
0.3488 0.167969
0.3492 0.166239
0.3496 0.164510
0.3500 0.162781
0.3504 0.161052
0.3508 0.159322
0.3512 0.157593
0.3516 0.155864
0.3520 0.154135
0.3524 0.152406
0.3528 0.150676
0.3532 0.148947
0.3536 0.147218
0.3540 0.145489
0.3544 0.143760
0.3548 0.142030
0.3552 0.140301
0.3556 0.138572
0.3560 0.136843
0.3564 0.135113
0.3568 0.133384
0.3572 0.131655
0.3576 0.129926
0.3580 0.128348
0.3584 0.127196
0.3588 0.126043
0.3592 0.124890
0.3596 0.123737
0.3600 0.122584
0.3604 0.121431
0.3608 0.120279
0.3612 0.119126
0.3616 0.117690
0.3620 0.115961
0.3624 0.114231
0.3628 0.112502
0.3632 0.110773
0.3636 0.109044
0.3640 0.107315
0.3644 0.105585
0.3648 0.103856
0.3652 0.101712
0.3656 0.099407
0.3660 0.097101
0.3664 0.094796
0.3668 0.092490
0.3672 0.090184
0.3676 0.087879
0.3680 0.085573
0.3684 0.083267
0.3688 0.081508
0.3692 0.079779
0.3696 0.078049
0.3700 0.076320
0.3704 0.074591
0.3708 0.072862
0.3712 0.071133
0.3716 0.069403
0.3720 0.067573
0.3724 0.065267
0.3728 0.062962
0.3732 0.060656
0.3736 0.058351
0.3740 0.056045
0.3744 0.053739
0.3748 0.051434
0.3752 0.049128
0.3756 0.046822
0.3760 0.044517
0.3764 0.042211
0.3768 0.039906
0.3772 0.037600
0.3776 0.035294
0.3780 0.032989
0.3784 0.030683
0.3788 0.028378
0.3792 0.026072
0.3796 0.023766
0.3800 0.021461
0.3804 0.019155
0.3808 0.016849
0.3812 0.014544
0.3816 0.012238
0.3820 0.009933
0.3824 0.007627
0.3828 0.005817
0.3832 0.004088
0.3836 0.002358
0.3840 0.000629
0.3844 -0.001100
0.3848 -0.002829
0.3852 -0.004558
0.3856 -0.006288
0.3860 -0.008118
0.3864 -0.011000
0.3868 -0.013882
0.3872 -0.016764
0.3876 -0.019646
0.3880 -0.022528
0.3884 -0.025410
0.3888 -0.028292
0.3892 -0.031174
0.3896 -0.033874
0.3900 -0.036180
0.3904 -0.038485
0.3908 -0.040791
0.3912 -0.043097
0.3916 -0.045402
0.3920 -0.047708
0.3924 -0.050013
0.3928 -0.052319
0.3932 -0.054625
0.3936 -0.056930
0.3940 -0.059236
0.3944 -0.061542
0.3948 -0.063847
0.3952 -0.066153
0.3956 -0.068458
0.3960 -0.070764
0.3964 -0.073070
0.3968 -0.075375
0.3972 -0.077681
0.3976 -0.079987
0.3980 -0.082292
0.3984 -0.084598
0.3988 -0.086903
0.3992 -0.089209
0.3996 -0.091515
0.4000 -0.093820
0.4004 -0.096126
0.4008 -0.098431
0.4012 -0.100737
0.4016 -0.103043
0.4020 -0.105348
0.4024 -0.107654
0.4028 -0.109960
0.4032 -0.112265
0.4036 -0.114571
0.4040 -0.116876
0.4044 -0.119182
0.4048 -0.121488
0.4052 -0.123793
0.4056 -0.126099
0.4060 -0.128404
0.4064 -0.130710
0.4068 -0.133016
0.4072 -0.135058
0.4076 -0.136788
0.4080 -0.138517
0.4084 -0.140246
0.4088 -0.141975
0.4092 -0.143704
0.4096 -0.145434
0.4100 -0.147163
0.4104 -0.148892
0.4108 -0.150621
0.4112 -0.152351
0.4116 -0.154080
0.4120 -0.155809
0.4124 -0.157538
0.4128 -0.159267
0.4132 -0.160997
0.4136 -0.162726
0.4140 -0.164455
0.4144 -0.165658
0.4148 -0.166811
0.4152 -0.167964
0.4156 -0.169117
0.4160 -0.170270
0.4164 -0.171422
0.4168 -0.172575
0.4172 -0.173728
0.4176 -0.174881
0.4180 -0.176034
0.4184 -0.177187
0.4188 -0.178339
0.4192 -0.179492
0.4196 -0.180645
0.4200 -0.181798
0.4204 -0.182951
0.4208 -0.184103
0.4212 -0.185256
0.4216 -0.186409
0.4220 -0.187562
0.4224 -0.188715
0.4228 -0.189867
0.4232 -0.191020
0.4236 -0.192173
0.4240 -0.193326
0.4244 -0.194479
0.4248 -0.195288
0.4252 -0.195864
0.4256 -0.196440
0.4260 -0.197017
0.4264 -0.197593
0.4268 -0.198170
0.4272 -0.198746
0.4276 -0.199322
0.4280 -0.199899
0.4284 -0.200000
0.4288 -0.200000
0.4292 -0.200000
0.4296 -0.200000
0.4300 -0.200000
0.4304 -0.200000
0.4308 -0.200000
0.4312 -0.200000
0.4316 -0.200000
0.4320 -0.200000
0.4324 -0.200000
0.4328 -0.200000
0.4332 -0.200000
0.4336 -0.200000
0.4340 -0.200000
0.4344 -0.200000
0.4348 -0.200000
0.4352 -0.200000
0.4356 -0.200000
0.4360 -0.200000
0.4364 -0.200000
0.4368 -0.200000
0.4372 -0.200000
0.4376 -0.200000
0.4380 -0.200000
0.4384 -0.200000
0.4388 -0.200000
0.4392 -0.200000
0.4396 -0.200000
0.4400 -0.200000
0.4404 -0.200000
0.4408 -0.200000
0.4412 -0.200000
0.4416 -0.200000
0.4420 -0.200000
0.4424 -0.200000
0.4428 -0.200000
0.4432 -0.200000
0.4436 -0.200000
0.4440 -0.200000
0.4444 -0.200000
0.4448 -0.200000
0.4452 -0.200000
0.4456 -0.200000
0.4460 -0.199444
0.4464 -0.198867
0.4468 -0.198291
0.4472 -0.197715
0.4476 -0.197138
0.4480 -0.196562
0.4484 -0.195985
0.4488 -0.195409
0.4492 -0.194944
0.4496 -0.194944
0.4500 -0.194944
0.4504 -0.194944
0.4508 -0.194944
0.4512 -0.194944
0.4516 -0.194944
0.4520 -0.194944
0.4524 -0.194944
0.4528 -0.194701
0.4532 -0.194125
0.4536 -0.193548
0.4540 -0.192972
0.4544 -0.192396
0.4548 -0.191819
0.4552 -0.191243
0.4556 -0.190666
0.4560 -0.190090
0.4564 -0.189513
0.4568 -0.188937
0.4572 -0.188361
0.4576 -0.187784
0.4580 -0.187208
0.4584 -0.186631
0.4588 -0.186055
0.4592 -0.185479
0.4596 -0.184902
0.4600 -0.184831
0.4604 -0.184831
0.4608 -0.184831
0.4612 -0.184831
0.4616 -0.184831
0.4620 -0.184831
0.4624 -0.184831
0.4628 -0.184831
0.4632 -0.184771
0.4636 -0.184194
0.4640 -0.183618
0.4644 -0.183042
0.4648 -0.182465
0.4652 -0.181889
0.4656 -0.181312
0.4660 -0.180736
0.4664 -0.180160
0.4668 -0.179583
0.4672 -0.179007
0.4676 -0.178430
0.4680 -0.177854
0.4684 -0.177278
0.4688 -0.176701
0.4692 -0.176125
0.4696 -0.175548
0.4700 -0.174972
0.4704 -0.174396
0.4708 -0.173819
0.4712 -0.173243
0.4716 -0.172666
0.4720 -0.172090
0.4724 -0.171513
0.4728 -0.170937
0.4732 -0.170361
0.4736 -0.169784
0.4740 -0.169663
0.4744 -0.169663
0.4748 -0.169663
0.4752 -0.169663
0.4756 -0.169663
0.4760 -0.169663
0.4764 -0.169663
0.4768 -0.169663
0.4772 -0.169653
0.4776 -0.169076
0.4780 -0.168500
0.4784 -0.167924
0.4788 -0.167347
0.4792 -0.166771
0.4796 -0.166194
0.4800 -0.165618
0.4804 -0.165042
0.4808 -0.164465
0.4812 -0.163889
0.4816 -0.163312
0.4820 -0.162736
0.4824 -0.162160
0.4828 -0.161583
0.4832 -0.161007
0.4836 -0.160430
0.4840 -0.159854
0.4844 -0.159004
0.4848 -0.157852
0.4852 -0.156699
0.4856 -0.155546
0.4860 -0.154393
0.4864 -0.153240
0.4868 -0.152088
0.4872 -0.150935
0.4876 -0.149782
0.4880 -0.149034
0.4884 -0.148457
0.4888 -0.147881
0.4892 -0.147304
0.4896 -0.146728
0.4900 -0.146152
0.4904 -0.145575
0.4908 -0.144999
0.4912 -0.144422
0.4916 -0.143846
0.4920 -0.143270
0.4924 -0.142693
0.4928 -0.142117
0.4932 -0.141540
0.4936 -0.140964
0.4940 -0.140388
0.4944 -0.139811
0.4948 -0.139235
0.4952 -0.138658
0.4956 -0.138082
0.4960 -0.137506
0.4964 -0.136929
0.4968 -0.136353
0.4972 -0.135776
0.4976 -0.135200
0.4980 -0.134624
0.4984 -0.133825
0.4988 -0.132672
0.4992 -0.131519
0.4996 -0.130366
0.5000 -0.129213
0.5004 -0.128061
0.5008 -0.126908
0.5012 -0.125755
0.5016 -0.124602
0.5020 -0.123449
0.5024 -0.122297
0.5028 -0.121144
0.5032 -0.119991
0.5036 -0.118838
0.5040 -0.117685
0.5044 -0.116533
0.5048 -0.115380
0.5052 -0.114227
0.5056 -0.113560
0.5060 -0.112983
0.5064 -0.112407
0.5068 -0.111830
0.5072 -0.111254
0.5076 -0.110678
0.5080 -0.110101
0.5084 -0.109525
0.5088 -0.108908
0.5092 -0.107755
0.5096 -0.106602
0.5100 -0.105449
0.5104 -0.104297
0.5108 -0.103144
0.5112 -0.101991
0.5116 -0.100838
0.5120 -0.099685
0.5124 -0.098533
0.5128 -0.097380
0.5132 -0.096227
0.5136 -0.095074
0.5140 -0.093921
0.5144 -0.092769
0.5148 -0.091616
0.5152 -0.090463
0.5156 -0.089310
0.5160 -0.088157
0.5164 -0.087004
0.5168 -0.085852
0.5172 -0.084699
0.5176 -0.083546
0.5180 -0.082393
0.5184 -0.081240
0.5188 -0.080088
0.5192 -0.078935
0.5196 -0.077782
0.5200 -0.076629
0.5204 -0.075476
0.5208 -0.074324
0.5212 -0.073171
0.5216 -0.072018
0.5220 -0.070865
0.5224 -0.069712
0.5228 -0.068560
0.5232 -0.067407
0.5236 -0.066254
0.5240 -0.065101
0.5244 -0.063948
0.5248 -0.062796
0.5252 -0.061643
0.5256 -0.060490
0.5260 -0.059337
0.5264 -0.058306
0.5268 -0.057729
0.5272 -0.057153
0.5276 -0.056576
0.5280 -0.056000
0.5284 -0.055424
0.5288 -0.054847
0.5292 -0.054271
0.5296 -0.053694
0.5300 -0.052865
0.5304 -0.051712
0.5308 -0.050560
0.5312 -0.049407
0.5316 -0.048254
0.5320 -0.047101
0.5324 -0.045948
0.5328 -0.044796
0.5332 -0.043643
0.5336 -0.042874
0.5340 -0.042298
0.5344 -0.041721
0.5348 -0.041145
0.5352 -0.040569
0.5356 -0.039992
0.5360 -0.039416
0.5364 -0.038839
0.5368 -0.038263
0.5372 -0.037171
0.5376 -0.036018
0.5380 -0.034865
0.5384 -0.033712
0.5388 -0.032560
0.5392 -0.031407
0.5396 -0.030254
0.5400 -0.029101
0.5404 -0.027948
0.5408 -0.026796
0.5412 -0.025643
0.5416 -0.024490
0.5420 -0.023337
0.5424 -0.022184
0.5428 -0.021031
0.5432 -0.019879
0.5436 -0.018726
0.5440 -0.017775
0.5444 -0.017199
0.5448 -0.016622
0.5452 -0.016046
0.5456 -0.015470
0.5460 -0.014893
0.5464 -0.014317
0.5468 -0.013740
0.5472 -0.013164
0.5476 -0.012588
0.5480 -0.012011
0.5484 -0.011435
0.5488 -0.010858
0.5492 -0.010282
0.5496 -0.009706
0.5500 -0.009129
0.5504 -0.008553
0.5508 -0.007976
0.5512 -0.007400
0.5516 -0.006824
0.5520 -0.006247
0.5524 -0.005671
0.5528 -0.005094
0.5532 -0.004518
0.5536 -0.003942
0.5540 -0.003365
0.5544 -0.002809
0.5548 -0.002809
0.5552 -0.002809
0.5556 -0.002809
0.5560 -0.002809
0.5564 -0.002809
0.5568 -0.002809
0.5572 -0.002809
0.5576 -0.002809
0.5580 -0.002657
0.5584 -0.002081
0.5588 -0.001504
0.5592 -0.000928
0.5596 -0.000352
0.5600 0.000225
0.5604 0.000801
0.5608 0.001378
0.5612 0.001954
0.5616 0.002530
0.5620 0.003107
0.5624 0.003683
0.5628 0.004260
0.5632 0.004836
0.5636 0.005412
0.5640 0.005989
0.5644 0.006565
0.5648 0.007142
0.5652 0.007718
0.5656 0.008294
0.5660 0.008871
0.5664 0.009447
0.5668 0.010024
0.5672 0.010600
0.5676 0.011176
0.5680 0.011753
0.5684 0.012329
0.5688 0.012906
0.5692 0.013482
0.5696 0.014058
0.5700 0.014635
0.5704 0.015211
0.5708 0.015788
0.5712 0.016364
0.5716 0.016940
0.5720 0.017517
0.5724 0.018093
0.5728 0.018670
0.5732 0.019246
0.5736 0.019822
0.5740 0.020399
0.5744 0.020975
0.5748 0.021552
0.5752 0.022128
0.5756 0.022704
0.5760 0.023281
0.5764 0.023857
0.5768 0.024434
0.5772 0.025010
0.5776 0.025587
0.5780 0.026163
0.5784 0.026739
0.5788 0.027316
0.5792 0.027892
0.5796 0.028469
0.5800 0.029045
0.5804 0.029621
0.5808 0.030198
0.5812 0.030774
0.5816 0.031351
0.5820 0.031927
0.5824 0.032503
0.5828 0.033080
0.5832 0.033656
0.5836 0.034233
0.5840 0.034809
0.5844 0.035385
0.5848 0.035962
0.5852 0.036538
0.5856 0.037115
0.5860 0.037640
0.5864 0.037640
0.5868 0.037640
0.5872 0.037640
0.5876 0.037640
0.5880 0.037640
0.5884 0.037640
0.5888 0.037640
0.5892 0.037640
0.5896 0.037822
0.5900 0.038399
0.5904 0.038975
0.5908 0.039552
0.5912 0.040128
0.5916 0.040704
0.5920 0.041281
0.5924 0.041857
0.5928 0.042434
0.5932 0.043010
0.5936 0.043587
0.5940 0.044163
0.5944 0.044739
0.5948 0.045316
0.5952 0.045892
0.5956 0.046469
0.5960 0.047045
0.5964 0.047621
0.5968 0.047753
0.5972 0.047753
0.5976 0.047753
0.5980 0.047753
0.5984 0.047753
0.5988 0.047753
0.5992 0.047753
0.5996 0.047753
0.6000 0.047753
0.6004 0.048329
0.6008 0.048906
0.6012 0.049482
0.6016 0.050058
0.6020 0.050635
0.6024 0.051211
0.6028 0.051788
0.6032 0.052364
0.6036 0.052809
0.6040 0.052809
0.6044 0.052809
0.6048 0.052809
0.6052 0.052809
0.6056 0.052809
0.6060 0.052809
0.6064 0.052809
0.6068 0.052809
0.6072 0.053072
0.6076 0.053648
0.6080 0.054225
0.6084 0.054801
0.6088 0.055378
0.6092 0.055954
0.6096 0.056530
0.6100 0.057107
0.6104 0.057683
0.6108 0.057865
0.6112 0.057865
0.6116 0.057865
0.6120 0.057865
0.6124 0.057865
0.6128 0.057865
0.6132 0.057865
0.6136 0.057865
0.6140 0.057865
0.6144 0.058391
0.6148 0.058967
0.6152 0.059544
0.6156 0.060120
0.6160 0.060697
0.6164 0.061273
0.6168 0.061849
0.6172 0.062426
0.6176 0.062921
0.6180 0.062921
0.6184 0.062921
0.6188 0.062921
0.6192 0.062921
0.6196 0.062921
0.6200 0.062921
0.6204 0.062921
0.6208 0.062921
0.6212 0.062921
0.6216 0.062921
0.6220 0.062921
0.6224 0.062921
0.6228 0.062921
0.6232 0.062921
0.6236 0.062921
0.6240 0.062921
0.6244 0.062921
0.6248 0.063265
0.6252 0.063842
0.6256 0.064418
0.6260 0.064994
0.6264 0.065571
0.6268 0.066147
0.6272 0.066724
0.6276 0.067300
0.6280 0.067876
0.6284 0.067978
0.6288 0.067978
0.6292 0.067978
0.6296 0.067978
0.6300 0.067978
0.6304 0.067978
0.6308 0.067978
0.6312 0.067978
0.6316 0.068008
0.6320 0.068584
0.6324 0.069161
0.6328 0.069737
0.6332 0.070313
0.6336 0.070890
0.6340 0.071466
0.6344 0.072043
0.6348 0.072619
0.6352 0.073034
0.6356 0.073034
0.6360 0.073034
0.6364 0.073034
0.6368 0.073034
0.6372 0.073034
0.6376 0.073034
0.6380 0.073034
0.6384 0.073034
0.6388 0.073034
0.6392 0.073034
0.6396 0.073034
0.6400 0.073034
0.6404 0.073034
0.6408 0.073034
0.6412 0.073034
0.6416 0.073034
0.6420 0.073034
0.6424 0.073034
0.6428 0.073034
0.6432 0.073034
0.6436 0.073034
0.6440 0.073034
0.6444 0.073034
0.6448 0.073034
0.6452 0.073034
0.6456 0.073034
0.6460 0.073034
0.6464 0.073034
0.6468 0.073034
0.6472 0.073034
0.6476 0.073034
0.6480 0.073034
0.6484 0.073034
0.6488 0.073034
0.6492 0.073034
0.6496 0.073034
0.6500 0.073034
0.6504 0.073034
0.6508 0.073034
0.6512 0.073034
0.6516 0.073034
0.6520 0.073034
0.6524 0.073034
0.6528 0.073034
0.6532 0.073034
0.6536 0.073034
0.6540 0.073034
0.6544 0.073034
0.6548 0.073034
0.6552 0.073034
0.6556 0.073034
0.6560 0.073034
0.6564 0.072660
0.6568 0.072083
0.6572 0.071507
0.6576 0.070930
0.6580 0.070354
0.6584 0.069778
0.6588 0.069201
0.6592 0.068625
0.6596 0.068048
0.6600 0.067978
0.6604 0.067978
0.6608 0.067978
0.6612 0.067978
0.6616 0.067978
0.6620 0.067978
0.6624 0.067978
0.6628 0.067978
0.6632 0.067978
0.6636 0.067978
0.6640 0.067978
0.6644 0.067978
0.6648 0.067978
0.6652 0.067978
0.6656 0.067978
0.6660 0.067978
0.6664 0.067978
0.6668 0.067785
0.6672 0.067209
0.6676 0.066633
0.6680 0.066056
0.6684 0.065480
0.6688 0.064903
0.6692 0.064327
0.6696 0.063751
0.6700 0.063174
0.6704 0.062921
0.6708 0.062921
0.6712 0.062921
0.6716 0.062921
0.6720 0.062921
0.6724 0.062921
0.6728 0.062921
0.6732 0.062921
0.6736 0.062921
0.6740 0.062466
0.6744 0.061890
0.6748 0.061313
0.6752 0.060737
0.6756 0.060161
0.6760 0.059584
0.6764 0.059008
0.6768 0.058431
0.6772 0.057865
0.6776 0.057865
0.6780 0.057865
0.6784 0.057865
0.6788 0.057865
0.6792 0.057865
0.6796 0.057865
0.6800 0.057865
0.6804 0.057865
0.6808 0.057724
0.6812 0.057147
0.6816 0.056571
0.6820 0.055994
0.6824 0.055418
0.6828 0.054842
0.6832 0.054265
0.6836 0.053689
0.6840 0.053112
0.6844 0.052809
0.6848 0.052809
0.6852 0.052809
0.6856 0.052809
0.6860 0.052809
0.6864 0.052809
0.6868 0.052809
0.6872 0.052809
0.6876 0.052809
0.6880 0.052404
0.6884 0.051828
0.6888 0.051252
0.6892 0.050675
0.6896 0.050099
0.6900 0.049522
0.6904 0.048946
0.6908 0.048370
0.6912 0.047793
0.6916 0.047753
0.6920 0.047753
0.6924 0.047753
0.6928 0.047753
0.6932 0.047753
0.6936 0.047753
0.6940 0.047753
0.6944 0.047753
0.6948 0.047662
0.6952 0.047085
0.6956 0.046509
0.6960 0.045933
0.6964 0.045356
0.6968 0.044780
0.6972 0.044203
0.6976 0.043627
0.6980 0.043051
0.6984 0.042474
0.6988 0.041898
0.6992 0.041321
0.6996 0.040745
0.7000 0.040169
0.7004 0.039592
0.7008 0.039016
0.7012 0.038439
0.7016 0.037863
0.7020 0.037287
0.7024 0.036710
0.7028 0.036134
0.7032 0.035557
0.7036 0.034981
0.7040 0.034404
0.7044 0.033828
0.7048 0.033252
0.7052 0.032675
0.7056 0.032099
0.7060 0.031522
0.7064 0.030946
0.7068 0.030370
0.7072 0.029793
0.7076 0.029217
0.7080 0.028640
0.7084 0.028064
0.7088 0.027528
0.7092 0.027528
0.7096 0.027528
0.7100 0.027528
0.7104 0.027528
0.7108 0.027528
0.7112 0.027528
0.7116 0.027528
0.7120 0.027528
0.7124 0.027356
0.7128 0.026780
0.7132 0.026203
0.7136 0.025627
0.7140 0.025051
0.7144 0.024474
0.7148 0.023898
0.7152 0.023321
0.7156 0.022745
0.7160 0.022169
0.7164 0.021592
0.7168 0.021016
0.7172 0.020439
0.7176 0.019863
0.7180 0.019287
0.7184 0.018710
0.7188 0.018134
0.7192 0.017557
0.7196 0.017416
0.7200 0.017416
0.7204 0.017416
0.7208 0.017416
0.7212 0.017416
0.7216 0.017416
0.7220 0.017416
0.7224 0.017416
0.7228 0.017416
0.7232 0.016849
0.7236 0.016273
0.7240 0.015697
0.7244 0.015120
0.7248 0.014544
0.7252 0.013967
0.7256 0.013391
0.7260 0.012815
0.7264 0.012360
0.7268 0.012360
0.7272 0.012360
0.7276 0.012360
0.7280 0.012360
0.7284 0.012360
0.7288 0.012360
0.7292 0.012360
0.7296 0.012360
0.7300 0.012360
0.7304 0.012360
0.7308 0.012360
0.7312 0.012360
0.7316 0.012360
0.7320 0.012360
0.7324 0.012360
0.7328 0.012360
0.7332 0.012360
0.7336 0.012360
0.7340 0.012360
0.7344 0.012360
0.7348 0.012360
0.7352 0.012360
0.7356 0.012360
0.7360 0.012360
0.7364 0.012360
0.7368 0.012360
0.7372 0.012360
0.7376 0.012360
0.7380 0.012360
0.7384 0.012360
0.7388 0.012360
0.7392 0.012360
0.7396 0.012360
0.7400 0.012360
0.7404 0.012360
0.7408 0.012360
0.7412 0.012360
0.7416 0.012360
0.7420 0.012360
0.7424 0.012360
0.7428 0.012360
0.7432 0.012360
0.7436 0.012360
0.7440 0.012360
0.7444 0.012360
0.7448 0.012360
0.7452 0.012360
0.7456 0.012360
0.7460 0.012360
0.7464 0.012360
0.7468 0.012360
0.7472 0.012360
0.7476 0.012360
0.7480 0.012360
0.7484 0.012360
0.7488 0.012360
0.7492 0.012360
0.7496 0.012360
0.7500 0.012360
0.7504 0.012360
0.7508 0.012360
0.7512 0.012360
0.7516 0.012360
0.7520 0.012360
0.7524 0.012360
0.7528 0.012360
0.7532 0.012360
0.7536 0.012360
0.7540 0.012360
0.7544 0.012360
0.7548 0.012360
0.7552 0.012360
0.7556 0.012360
0.7560 0.012360
0.7564 0.012360
0.7568 0.012360
0.7572 0.012360
0.7576 0.012360
0.7580 0.012360
0.7584 0.012360
0.7588 0.012360
0.7592 0.012360
0.7596 0.012360
0.7600 0.012360
0.7604 0.012360
0.7608 0.012360
0.7612 0.012360
0.7616 0.012360
0.7620 0.012360
0.7624 0.012360
0.7628 0.012360
0.7632 0.012360
0.7636 0.012360
0.7640 0.012360
0.7644 0.012360
0.7648 0.012360
0.7652 0.012360
0.7656 0.012360
0.7660 0.012360
0.7664 0.012360
0.7668 0.012360
0.7672 0.012360
0.7676 0.012360
0.7680 0.012360
0.7684 0.012360
0.7688 0.012360
0.7692 0.012360
0.7696 0.012360
0.7700 0.012360
0.7704 0.012360
0.7708 0.012360
0.7712 0.012360
0.7716 0.012360
0.7720 0.012360
0.7724 0.012360
0.7728 0.012360
0.7732 0.012360
0.7736 0.012360
0.7740 0.012360
0.7744 0.012360
0.7748 0.012360
0.7752 0.012360
0.7756 0.012360
0.7760 0.012360
0.7764 0.012360
0.7768 0.012360
0.7772 0.012360
0.7776 0.012360
0.7780 0.012360
0.7784 0.012360
0.7788 0.012360
0.7792 0.012360
0.7796 0.012360
0.7800 0.012360
0.7804 0.012360
0.7808 0.012360
0.7812 0.012360
0.7816 0.012360
0.7820 0.012360
0.7824 0.012360
0.7828 0.011864
0.7832 0.011288
0.7836 0.010711
0.7840 0.010135
0.7844 0.009558
0.7848 0.008982
0.7852 0.008406
0.7856 0.007829
0.7860 0.007303
0.7864 0.007303
0.7868 0.007303
0.7872 0.007303
0.7876 0.007303
0.7880 0.007303
0.7884 0.007303
0.7888 0.007303
0.7892 0.007303
0.7896 0.007303
0.7900 0.007303
0.7904 0.007303
0.7908 0.007303
0.7912 0.007303
0.7916 0.007303
0.7920 0.007303
0.7924 0.007303
0.7928 0.007303
0.7932 0.006990
0.7936 0.006413
0.7940 0.005837
0.7944 0.005261
0.7948 0.004684
0.7952 0.004108
0.7956 0.003531
0.7960 0.002955
0.7964 0.002379
0.7968 0.002247
0.7972 0.002247
0.7976 0.002247
0.7980 0.002247
0.7984 0.002247
0.7988 0.002247
0.7992 0.002247
0.7996 0.002247
0.8000 0.002247
0.8004 0.002247
0.8008 0.002247
0.8012 0.002247
0.8016 0.002247
0.8020 0.002247
0.8024 0.002247
0.8028 0.002247
0.8032 0.002247
0.8036 0.002247
0.8040 0.002247
0.8044 0.002247
0.8048 0.002247
0.8052 0.002247
0.8056 0.002247
0.8060 0.002247
0.8064 0.002247
0.8068 0.002247
0.8072 0.001984
0.8076 0.001408
0.8080 0.000831
0.8084 0.000255
0.8088 -0.000321
0.8092 -0.000898
0.8096 -0.001474
0.8100 -0.002051
0.8104 -0.002627
0.8108 -0.002809
0.8112 -0.002809
0.8116 -0.002809
0.8120 -0.002809
0.8124 -0.002809
0.8128 -0.002809
0.8132 -0.002809
0.8136 -0.002809
0.8140 -0.002809
0.8144 -0.002809
0.8148 -0.002809
0.8152 -0.002809
0.8156 -0.002809
0.8160 -0.002809
0.8164 -0.002809
0.8168 -0.002809
0.8172 -0.002809
0.8176 -0.002809
0.8180 -0.002809
0.8184 -0.002809
0.8188 -0.002809
0.8192 -0.002809
0.8196 -0.002809
0.8200 -0.002809
0.8204 -0.002809
0.8208 -0.002809
0.8212 -0.002809
0.8216 -0.002809
0.8220 -0.002809
0.8224 -0.002809
0.8228 -0.002809
0.8232 -0.002809
0.8236 -0.002809
0.8240 -0.002809
0.8244 -0.002809
0.8248 -0.002809
0.8252 -0.002809
0.8256 -0.002809
0.8260 -0.002809
0.8264 -0.002809
0.8268 -0.002809
0.8272 -0.002809
0.8276 -0.002809
0.8280 -0.002809
0.8284 -0.002809
0.8288 -0.002809
0.8292 -0.002809
0.8296 -0.002809
0.8300 -0.002809
0.8304 -0.002809
0.8308 -0.002809
0.8312 -0.002809
0.8316 -0.002809
0.8320 -0.002809
0.8324 -0.002809
0.8328 -0.002809
0.8332 -0.002809
0.8336 -0.002809
0.8340 -0.002809
0.8344 -0.002809
0.8348 -0.002809
0.8352 -0.002971
0.8356 -0.003547
0.8360 -0.004124
0.8364 -0.004700
0.8368 -0.005276
0.8372 -0.005853
0.8376 -0.006429
0.8380 -0.007006
0.8384 -0.007582
0.8388 -0.007865
0.8392 -0.007865
0.8396 -0.007865
0.8400 -0.007865
0.8404 -0.007865
0.8408 -0.007865
0.8412 -0.007865
0.8416 -0.007865
0.8420 -0.007865
0.8424 -0.007865
0.8428 -0.007865
0.8432 -0.007865
0.8436 -0.007865
0.8440 -0.007865
0.8444 -0.007865
0.8448 -0.007865
0.8452 -0.007865
0.8456 -0.007865
0.8460 -0.007865
0.8464 -0.007865
0.8468 -0.007865
0.8472 -0.007865
0.8476 -0.007865
0.8480 -0.007865
0.8484 -0.007865
0.8488 -0.007865
0.8492 -0.007865
0.8496 -0.007865
0.8500 -0.007865
0.8504 -0.007865
0.8508 -0.007865
0.8512 -0.007865
0.8516 -0.007865
0.8520 -0.007865
0.8524 -0.007865
0.8528 -0.007865
0.8532 -0.007865
0.8536 -0.007865
0.8540 -0.007865
0.8544 -0.007865
0.8548 -0.007865
0.8552 -0.007865
0.8556 -0.007865
0.8560 -0.007865
0.8564 -0.007865
0.8568 -0.007865
0.8572 -0.007865
0.8576 -0.007865
0.8580 -0.007865
0.8584 -0.007865
0.8588 -0.007865
0.8592 -0.007865
0.8596 -0.007865
0.8600 -0.008371
0.8604 -0.008947
0.8608 -0.009524
0.8612 -0.010100
0.8616 -0.010676
0.8620 -0.011253
0.8624 -0.011829
0.8628 -0.012406
0.8632 -0.012921
0.8636 -0.012921
0.8640 -0.012921
0.8644 -0.012921
0.8648 -0.012921
0.8652 -0.012921
0.8656 -0.012921
0.8660 -0.012921
0.8664 -0.012921
0.8668 -0.012921
0.8672 -0.012921
0.8676 -0.012921
0.8680 -0.012921
0.8684 -0.012921
0.8688 -0.012921
0.8692 -0.012921
0.8696 -0.012921
0.8700 -0.012921
0.8704 -0.012921
0.8708 -0.012921
0.8712 -0.012921
0.8716 -0.012921
0.8720 -0.012921
0.8724 -0.012921
0.8728 -0.012921
0.8732 -0.012921
0.8736 -0.012921
0.8740 -0.012921
0.8744 -0.012921
0.8748 -0.012921
0.8752 -0.012921
0.8756 -0.012921
0.8760 -0.012921
0.8764 -0.012921
0.8768 -0.012921
0.8772 -0.012921
0.8776 -0.012921
0.8780 -0.012921
0.8784 -0.012921
0.8788 -0.012921
0.8792 -0.012921
0.8796 -0.012921
0.8800 -0.012921
0.8804 -0.012921
0.8808 -0.012921
0.8812 -0.012921
0.8816 -0.012921
0.8820 -0.012921
0.8824 -0.012921
0.8828 -0.012921
0.8832 -0.012921
0.8836 -0.012921
0.8840 -0.012921
0.8844 -0.012921
0.8848 -0.012921
0.8852 -0.012921
0.8856 -0.012921
0.8860 -0.012921
0.8864 -0.012921
0.8868 -0.012921
0.8872 -0.012921
0.8876 -0.012921
0.8880 -0.012921
0.8884 -0.012921
0.8888 -0.012921
0.8892 -0.012921
0.8896 -0.012921
0.8900 -0.012921
0.8904 -0.012921
0.8908 -0.012921
0.8912 -0.012921
0.8916 -0.012921
0.8920 -0.012921
0.8924 -0.012921
0.8928 -0.012921
0.8932 -0.012921
0.8936 -0.012921
0.8940 -0.012921
0.8944 -0.012921
0.8948 -0.012921
0.8952 -0.012921
0.8956 -0.012921
0.8960 -0.012921
0.8964 -0.012921
0.8968 -0.012921
0.8972 -0.012921
0.8976 -0.012921
0.8980 -0.012921
0.8984 -0.012921
0.8988 -0.012921
0.8992 -0.012921
0.8996 -0.012921
0.9000 -0.012921
0.9004 -0.012921
0.9008 -0.012921
0.9012 -0.012921
0.9016 -0.012921
0.9020 -0.012921
0.9024 -0.012921
0.9028 -0.012921
0.9032 -0.012921
0.9036 -0.012921
0.9040 -0.012921
0.9044 -0.012921
0.9048 -0.012921
0.9052 -0.012921
0.9056 -0.012921
0.9060 -0.012921
0.9064 -0.012921
0.9068 -0.012921
0.9072 -0.012921
0.9076 -0.012921
0.9080 -0.012921
0.9084 -0.012921
0.9088 -0.012921
0.9092 -0.012921
0.9096 -0.012921
0.9100 -0.012921
0.9104 -0.012921
0.9108 -0.012921
0.9112 -0.012921
0.9116 -0.012921
0.9120 -0.012921
0.9124 -0.012921
0.9128 -0.012921
0.9132 -0.012921
0.9136 -0.012921
0.9140 -0.012921
0.9144 -0.012921
0.9148 -0.012921
0.9152 -0.012921
0.9156 -0.012921
0.9160 -0.012921
0.9164 -0.012921
0.9168 -0.012921
0.9172 -0.012921
0.9176 -0.012921
0.9180 -0.012921
0.9184 -0.012921
0.9188 -0.012921
0.9192 -0.012921
0.9196 -0.012921
0.9200 -0.012921
0.9204 -0.012921
0.9208 -0.012921
0.9212 -0.012921
0.9216 -0.012921
0.9220 -0.012921
0.9224 -0.012921
0.9228 -0.012921
0.9232 -0.012921
0.9236 -0.012921
0.9240 -0.012921
0.9244 -0.012921
0.9248 -0.012921
0.9252 -0.012921
0.9256 -0.012921
0.9260 -0.012921
0.9264 -0.012800
0.9268 -0.012224
0.9272 -0.011647
0.9276 -0.011071
0.9280 -0.010494
0.9284 -0.009918
0.9288 -0.009342
0.9292 -0.008765
0.9296 -0.008189
0.9300 -0.007865
0.9304 -0.007865
0.9308 -0.007865
0.9312 -0.007865
0.9316 -0.007865
0.9320 -0.007865
0.9324 -0.007865
0.9328 -0.007865
0.9332 -0.007865
0.9336 -0.007865
0.9340 -0.007865
0.9344 -0.007865
0.9348 -0.007865
0.9352 -0.007865
0.9356 -0.007865
0.9360 -0.007865
0.9364 -0.007865
0.9368 -0.007865
0.9372 -0.007865
0.9376 -0.007865
0.9380 -0.007865
0.9384 -0.007865
0.9388 -0.007865
0.9392 -0.007865
0.9396 -0.007865
0.9400 -0.007865
0.9404 -0.007865
0.9408 -0.007865
0.9412 -0.007865
0.9416 -0.007865
0.9420 -0.007865
0.9424 -0.007865
0.9428 -0.007865
0.9432 -0.007865
0.9436 -0.007865
0.9440 -0.007663
0.9444 -0.007087
0.9448 -0.006510
0.9452 -0.005934
0.9456 -0.005357
0.9460 -0.004781
0.9464 -0.004204
0.9468 -0.003628
0.9472 -0.003052
0.9476 -0.002809
0.9480 -0.002809
0.9484 -0.002809
0.9488 -0.002809
0.9492 -0.002809
0.9496 -0.002809
0.9500 -0.002809
0.9504 -0.002809
0.9508 -0.002809
0.9512 -0.002809
0.9516 -0.002809
0.9520 -0.002809
0.9524 -0.002809
0.9528 -0.002809
0.9532 -0.002809
0.9536 -0.002809
0.9540 -0.002809
0.9544 -0.002809
0.9548 -0.002809
0.9552 -0.002809
0.9556 -0.002809
0.9560 -0.002809
0.9564 -0.002809
0.9568 -0.002809
0.9572 -0.002809
0.9576 -0.002809
0.9580 -0.002809
0.9584 -0.002809
0.9588 -0.002809
0.9592 -0.002809
0.9596 -0.002809
0.9600 -0.002809
0.9604 -0.002809
0.9608 -0.002809
0.9612 -0.002809
0.9616 -0.002809
0.9620 -0.002809
0.9624 -0.002809
0.9628 -0.002809
0.9632 -0.002809
0.9636 -0.002809
0.9640 -0.002809
0.9644 -0.002809
0.9648 -0.002809
0.9652 -0.002809
0.9656 -0.002809
0.9660 -0.002809
0.9664 -0.002809
0.9668 -0.002809
0.9672 -0.002809
0.9676 -0.002809
0.9680 -0.002809
0.9684 -0.002809
0.9688 -0.002809
0.9692 -0.002809
0.9696 -0.002809
0.9700 -0.002809
0.9704 -0.002809
0.9708 -0.002809
0.9712 -0.002809
0.9716 -0.002809
0.9720 -0.002809
0.9724 -0.002809
0.9728 -0.002809
0.9732 -0.002809
0.9736 -0.002809
0.9740 -0.002809
0.9744 -0.002809
0.9748 -0.002809
0.9752 -0.002809
0.9756 -0.002809
0.9760 -0.002809
0.9764 -0.002809
0.9768 -0.002809
0.9772 -0.002809
0.9776 -0.002809
0.9780 -0.002809
0.9784 -0.002809
0.9788 -0.002809
0.9792 -0.002809
0.9796 -0.002809
0.9800 -0.002809
0.9804 -0.002809
0.9808 -0.002809
0.9812 -0.002809
0.9816 -0.002809
0.9820 -0.002809
0.9824 -0.002809
0.9828 -0.002809
0.9832 -0.002809
0.9836 -0.002809
0.9840 -0.002809
0.9844 -0.002809
0.9848 -0.002809
0.9852 -0.002809
0.9856 -0.002809
0.9860 -0.002809
0.9864 -0.002809
0.9868 -0.002809
0.9872 -0.002809
0.9876 -0.002809
0.9880 -0.002809
0.9884 -0.002809
0.9888 -0.002809
0.9892 -0.002809
0.9896 -0.002809
0.9900 -0.002809
0.9904 -0.002809
0.9908 -0.002809
0.9912 -0.002809
0.9916 -0.002809
0.9920 -0.002809
0.9924 -0.002809
0.9928 -0.002809
0.9932 -0.002809
0.9936 -0.002809
0.9940 -0.002809
0.9944 -0.002809
0.9948 -0.002809
0.9952 -0.002809
0.9956 -0.002809
0.9960 -0.002809
0.9964 -0.002809
0.9968 -0.002809
0.9972 -0.002809
0.9976 -0.002809
0.9980 -0.002809
0.9984 -0.002809
0.9988 -0.002809
0.9992 -0.002809
0.9996 -0.002809
1.0000 -0.002809